-0.713579
1.485506
-1.204534
-0.808479
2.562980
0.682407
-0.231397
0.114397
-0.469479
-0.488504
0.551408
0.012367
-0.002693
-0.038774
1.071555
1.345286
-0.125937
0.014551
0.783097
0.349044
-0.136315
0.582668
1.304188
-0.291570
0.667037
0.032128
0.303129
1.300287
0.460979
1.035363
-0.697245
1.453018
1.942846
-0.997690
-0.492019
1.088006
1.658832
-0.229524
1.192787
-0.542664
0.647207
-1.523150
0.901758
1.435355
-0.188604
0.718940
-0.132489
1.555773
-1.070027
1.793111
0.167921
0.470101
0.586398
1.026430
0.614435
0.281343
1.072240
0.439129
0.799833
0.050965
0.978186
1.861940
-0.403577
0.036576
0.226994
0.420083
0.899152
1.449340
-0.079361
0.888154
-0.356577
0.526559
0.975195
1.034744
0.050167
2.467329
-0.064530
-1.502313
0.706805
-0.376245
0.430632
-0.615824
-1.442197
1.243299
0.563463
0.599604
0.851483
0.478916
0.691652
1.067592
-1.155449
1.823575
0.458881
1.289193
0.744948
0.079665
-1.237785
-1.100571
0.144507
-0.393733
-0.861675
-0.231792
0.221378
-0.996210
-0.517111
-0.417624
-1.388153
-1.207113
-1.274761
-2.011822
2.296088
-0.118355
0.623341
-2.344640
-0.330536
1.787465
0.312142
0.068824
-0.341632
1.536316
1.513796
1.591818
-0.264955
0.029950
-0.619689
-0.263766
-1.052266
-0.629225
0.354347
1.010128
0.647435
-0.812387
2.335757
-0.010602
-1.147160
0.940575
-1.251279
-0.114723
-0.497777
0.782301
1.394052
0.714695
-0.390506
-0.537309
1.891958
1.837194
0.252458
-0.645377
-0.851551
-0.068510
0.336750
0.416854
0.723298
0.327750
0.605911
1.682797
-0.647739
-0.194203
-0.356427
1.438428
-0.775191
0.827747
0.809425
-0.024556
2.004919
-0.564212
-1.166758
-1.358846
-0.827635
2.319922
-0.423570
0.826060
-0.790545
-0.667260
1.397536
-1.118830
1.035721
0.030326
-0.880235
1.060611
-0.005412
1.501922
-0.155182
-0.069319
1.747457
0.957166
-0.431608
0.973242
-1.988024
-0.344820
0.491827
0.590402
1.038077
1.319376
0.472388
1.404619
0.816742
-0.079647
-1.674236
-1.257754
-0.384650
0.597680
-0.951843
0.699022
0.135282
0.595342
0.188187
0.218234
0.446346
-0.591003
-0.905184
1.734372
0.600152
-1.530937
0.574937
-0.373898
-0.020289
1.419618
0.101738
1.008893
0.670616
-1.291256
1.704285
2.577199
1.762146
0.861679
1.473112
0.189511
1.464585
-0.628772
-0.527338
0.422497
-0.656465
-0.018080
-0.150628
2.095971
1.746677
-1.007289
0.327564
0.342222
-1.250914
1.535629
0.276047
-0.108042
1.005522
-0.087670
1.071334
1.899465
-0.114782
0.683904
1.711409
0.782518
1.147473
0.332644
0.349343
1.324777
-0.132272
-0.668239
-2.021782
-0.983950
1.177711
0.022182
-1.245821
0.681453
1.396310
0.065344
0.368736
-0.658087
-0.375219
0.309257
-0.035092
-1.821591
-0.750906
-1.268697
0.015936
-0.420106
-0.476178
-1.638880
0.183663
0.251678
0.197579
0.538379
1.004133
-0.675395
-0.119662
-0.322918
0.425694
1.564106
2.112449
0.073800
-1.494677
2.300706
1.695469
0.290548
-0.784473
-1.116360
0.945449
1.809811
0.902174
-0.337841
1.449792
-0.352438
0.168516
1.550450
-0.534487
0.924641
0.218942
0.120016
0.540220
-0.037000
-0.929791
-0.158943
0.378773
-0.535151
0.091663
-0.058992
0.341044
-0.254237
-0.606481
0.740796
-0.238598
1.020949
0.130259
1.287293
0.175232
0.084955
0.691694
0.801298
-0.151201
1.049038
0.869498
0.378704
1.027760
-0.769620
-1.262414
-1.062346
-0.313461
-1.140684
-0.110761
-1.121791
0.856144
0.607004
0.216103
1.950844
1.067696
0.997025
0.239513
0.129177
-1.098975
1.114117
-0.294390
0.239699
-0.883090
0.969598
0.168537
-0.532646
1.275221
0.618481
-0.114894
0.047546
-1.044484
0.467131
1.099939
0.411271
2.272414
0.105350
0.503367
-1.011055
0.422830
-0.145649
2.036971
-0.337584
-0.365958
0.723183
0.677428
-0.162843
0.373781
1.441444
0.317649
0.653445
1.358530
-0.938226
1.802979
-2.010115
0.056726
-1.061544
0.800302
-0.211717
1.761525
0.135128
-0.953562
1.543009
0.468679
-0.243855
-1.526289
1.277510
1.650053
0.940186
0.187929
-0.639126
0.650040
0.817775
0.436295
-0.164635
1.570849
-0.669466
-0.194385
-0.672460
0.991984
1.354765
-0.142023
1.164336
-1.342489
-0.959701
1.041842
0.499167
-0.543442
1.603946
0.483690
-0.363898
0.169054
-0.099897
1.526000
1.221174
-0.671000
-0.511636
1.676272
-0.568635
-0.513605
0.311464
1.023027
2.131687
0.982596
1.383920
-0.307136
-0.259816
1.482596
0.521998
0.059889
-0.115758
2.560704
1.325224
-1.101595
1.390031
-0.243731
1.230416
0.706838
-0.362889
0.436884
1.775799
-0.927474
-0.612519
0.988770
-0.440713
0.808362
1.837051
-0.648237
0.956163
-2.191768
-0.224423
-2.371839
-0.461908
0.864681
1.194679
1.580495
